-0.18872649510945116 0.06301041440751876
-0.17981093990080543 -0.8102449972409329
-0.34748539322364014 0.8094557308772159
-0.06838954146111931 -0.7676533242494075
0.870205295361357 0.4074965102473751
0.14834573103095483 -0.07278549114202448
-0.8362391850478863 0.9769972085891423
-0.723899404988309 -0.24011555895677894
-0.7352481287640265 -0.26686684708777575
0.29175882001248077 -0.3611955394560864
0.7852156971226463 0.48450164694207754
0.6137499108406876 0.11892971549058462
0.19597027778206533 -0.5901277706339658
-0.5037809477781128 0.6917049494252834
0.29143482040884683 0.017835289030808

